Sum of count,,,,,
,1,2,3,4,Grand Total
Animation,22,12,15,17,66
Children,14,18,14,14,60
Classics,14,15,12,16,57
Comedy,17,15,13,13,58
Family,15,17,20,17,69
Music,9,13,16,13,51
Grand Total,91,90,90,90,361
